5 0.49140625 0.26484375 0.0921875 0.0109375
5 0.49453125 0.5296875 0.0859375 0.04375
2 0.4421875 0.36328125 0.01875 0.3765625
5 0.3296875 0.19375 0.20625 0.0203125
5 0.4953125 0.1984375 0.084375 0.040625
2 0.20234375 0.36328125 0.0109375 0.3765625
5 0.771875 0.4171875 0.10625 0.03125
1 0.6625 0.346875 0.0734375 0.021875
0 0.45546875 0.68828125 0.1390625 0.2734375
3 0.22421875 0.79140625 0.025 0.025
3 0.21484375 0.69921875 0.025 0.0609375
3 0.2171875 0.55703125 0.021875 0.0109375
5 0.29140625 0.7953125 0.109375 0.0203125
5 0.29921875 0.66875 0.0734375 0.0171875
5 0.30625 0.559375 0.05625 0.015625
3 0.76953125 0.80390625 0.1109375 0.0421875