5 0.59140625 0.7109375 0.090625 0.040625
5 0.50234375 0.4609375 0.0953125 0.06875
2 0.603125 0.59296875 0.134375 0.34375
5 0.76640625 0.72109375 0.1984375 0.0765625
5 0.60703125 0.7671875 0.0875 0.0515625
2 0.82109375 0.51796875 0.1203125 0.340625
5 0.284375 0.65546875 0.0953125 0.059375
1 0.403125 0.6890625 0.0765625 0.0453125
0 0.49296875 0.31328125 0.2109375 0.275
3 0.675 0.13046875 0.028125 0.0234375
3 0.70859375 0.2109375 0.0359375 0.0625
3 0.75390625 0.3453125 0.021875 0.0171875
5 0.6109375 0.14921875 0.10625 0.04375
5 0.64140625 0.26640625 0.075 0.040625
5 0.6703125 0.371875 0.0578125 0.0328125
3 0.165625 0.30390625 0.09375 0.040625