5 0.6109375 0.7265625 0.0859375 0.053125
5 0.4890625 0.49140625 0.096875 0.0796875
2 0.5109375 0.64296875 0.171875 0.3015625
5 0.48671875 0.83828125 0.1859375 0.1046875
5 0.63046875 0.75546875 0.084375 0.0578125
2 0.3015625 0.75390625 0.159375 0.2953125
5 0.77421875 0.4671875 0.084375 0.0640625
1 0.7234375 0.57421875 0.075 0.053125
0 0.3828125 0.375 0.2453125 0.296875
3 0.128125 0.3875 0.034375 0.034375
3 0.1625 0.4734375 0.05 0.0640625
3 0.23125 0.59765625 0.025 0.0203125
5 0.18515625 0.35234375 0.10625 0.06875
5 0.2515625 0.46015625 0.0734375 0.05
5 0.309375 0.55390625 0.05625 0.040625
3 0.59375 0.13203125 0.0875 0.0671875